0 0.21015625 0.7041666666666667 0.178125 0.04583333333333333
1 0.41015625 0.7125 0.0703125 0.021875
2 0.35859375 0.746875 0.16015625 0.058333333333333334
3 0.16953125 0.75625 0.10703125 0.053125
3 0.10234375 0.7385416666666667 0.05625 0.11875
0 0.61484375 0.7052083333333333 0.1875 0.058333333333333334
1 0.8109375 0.7083333333333334 0.065625 0.03125
2 0.753125 0.7479166666666667 0.1484375 0.06354166666666666
3 0.5625 0.75625 0.10625 0.05416666666666667
3 0.4875 0.7364583333333333 0.04921875 0.10833333333333334
0 0.26875 0.06979166666666667 0.14609375 0.04479166666666667
1 0.42421875 0.07916666666666666 0.07890625 0.026041666666666668
2 0.3921875 0.11666666666666667 0.1328125 0.059375
3 0.1765625 0.11875 0.05234375 0.125
0 0.690625 0.065625 0.16171875 0.041666666666666664
1 0.83828125 0.07291666666666667 0.0734375 0.027083333333333334
2 0.80859375 0.1125 0.16640625 0.05520833333333333
3 0.5828125 0.1125 0.0484375 0.12916666666666668