0 0.209375 0.7041666666666667 0.178125 0.04583333333333333
0 0.6140625 0.7041666666666667 0.1875 0.058333333333333334
0 0.26796875 0.06770833333333333 0.1453125 0.04375
0 0.68984375 0.06458333333333334 0.1609375 0.041666666666666664
1 0.41015625 0.7104166666666667 0.0703125 0.020833333333333332
1 0.8109375 0.7072916666666667 0.065625 0.03125
1 0.4234375 0.07708333333333334 0.078125 0.025
1 0.83828125 0.071875 0.0734375 0.027083333333333334
2 0.3578125 0.7458333333333333 0.159375 0.058333333333333334
2 0.75234375 0.7458333333333333 0.1484375 0.0625
2 0.39140625 0.11458333333333333 0.1328125 0.058333333333333334
2 0.8078125 0.11041666666666666 0.165625 0.05416666666666667
3 0.16875 0.7552083333333334 0.10625 0.052083333333333336
3 0.1015625 0.7385416666666667 0.05625 0.11875
3 0.5625 0.75625 0.10625 0.05416666666666667
3 0.48671875 0.7354166666666667 0.0484375 0.10833333333333334
3 0.17578125 0.11875 0.0515625 0.125
3 0.58203125 0.11041666666666666 0.0484375 0.12916666666666668